coefficients a,b,q,alphaL,alphaR,alpha0
0.0416089085656,-0.00115358358094,0.00113709313473,0.00611687376068,0.00540994518227,-0.00528781322762
rmse_vol=0.000862346397103
max_abs_vol_error=0.00214058841334
min_v=0.0382412050293
min_g=0.155317925415
z_at_min_g=-0.685
right_wing_v_slope=0.000823969696848
left_wing_v_slope=-0.00313113685872
